state,district,bio_age_5_17,bio_age_17_,total_bio,minor_share,cv,cluster
Andaman And Nicobar Islands,Andamans,343,1672,2015,0.17022332506203475,1.8275118431822746,1
Andaman And Nicobar Islands,Nicobar,992,819,1811,0.5477636664826063,2.178466993421312,2
Andaman And Nicobar Islands,North And Middle Andaman,3780,2603,6383,0.59219802600658,2.4770365270729813,2
Andaman And Nicobar Islands,South Andaman,6690,3797,10487,0.6379326785544007,2.221906007278685,2
Andhra Pradesh,Adilabad,12208,39830,52038,0.23459779391982782,1.9116857382081367,0
Andhra Pradesh,Alluri Sitharama Raju,8438,10169,18607,0.4534852474875047,2.3116408698457316,0
Andhra Pradesh,Anakapalli,3542,3181,6723,0.5268481332738361,2.396875487030305,2
Andhra Pradesh,Anantapur,35834,57731,93565,0.382985090578742,2.2325932292554893,0
Andhra Pradesh,Ananthapur,64082,20050,84132,0.7616840203489754,3.0470843632167055,3
Andhra Pradesh,Ananthapuramu,90533,19069,109602,0.8260159486140763,3.179542950480057,3
Andhra Pradesh,Annamayya,5790,3922,9712,0.596169686985173,2.5234368341429634,2
Andhra Pradesh,Bapatla,3899,2083,5982,0.6517886994316282,2.3314370670029234,2
Andhra Pradesh,Chittoor,168727,82711,251438,0.6710481311496274,2.6008441002684894,4
Andhra Pradesh,Cuddapah,115127,55669,170796,0.6740614534298227,2.598706982133603,4
Andhra Pradesh,Dr. B. R. Ambedkar Konaseema,4352,2954,7306,0.5956747878456063,2.1188622037937472,2
Andhra Pradesh,East Godavari,204904,96946,301850,0.6788272320689084,2.5903999886233655,4
Andhra Pradesh,Eluru,4288,3942,8230,0.5210206561360875,2.617675148270701,3
Andhra Pradesh,Guntur,187665,104029,291694,0.6433625648796342,2.686170887422014,4
Andhra Pradesh,Hyderabad,23363,82381,105744,0.22093924950824634,2.3160865897074383,0
Andhra Pradesh,K.V. Rangareddy,216,188,404,0.5346534653465347,0.9096426587082557,2
Andhra Pradesh,K.V.Rangareddy,168,605,773,0.21733505821474774,0.6743968477029533,1
Andhra Pradesh,Kakinada,7141,4557,11698,0.6104462301248077,2.436561782292609,2
Andhra Pradesh,Karim Nagar,387,1310,1697,0.2280494991160872,1.2406899764007533,1
Andhra Pradesh,Karimnagar,4338,12789,17127,0.25328428796636887,1.723308956310408,1
Andhra Pradesh,Khammam,15536,25422,40958,0.379315396259583,2.171913630680917,0
Andhra Pradesh,Krishna,146788,86459,233247,0.6293242785544937,2.5981987660040744,4
Andhra Pradesh,Kurnool,242992,107641,350633,0.6930094999614982,2.7767478581614102,4
Andhra Pradesh,Mahabub Nagar,822,13030,13852,0.05934161131966503,0.7090895314218163,1
Andhra Pradesh,Mahabubnagar,39,81,120,0.325,0.8660975695613052,1
Andhra Pradesh,Mahbubnagar,3060,11679,14739,0.20761245674740483,1.6328756814349579,1
Andhra Pradesh,Medak,6281,16164,22445,0.2798396079304968,1.672878297895019,1
Andhra Pradesh,N. T. R,6788,6771,13559,0.5006268898886349,2.59950243803368,3
Andhra Pradesh,Nalgonda,5640,27013,32653,0.17272532385998224,1.682745118085865,1
Andhra Pradesh,Nandyal,6337,4303,10640,0.5955827067669173,2.4938269784769806,2
Andhra Pradesh,Nellore,99065,59412,158477,0.625106482328666,2.697350689059395,4
Andhra Pradesh,Nizamabad,3452,7527,10979,0.31441843519446216,1.752205328565799,1
Andhra Pradesh,Palnadu,6007,4046,10053,0.5975330747040685,2.787028850509063,3
Andhra Pradesh,Parvathipuram Manyam,5090,5540,10630,0.47883349012229537,2.7424382041677604,3
Andhra Pradesh,Prakasam,136533,75766,212299,0.643116547887649,2.735086125340307,4
Andhra Pradesh,Rangareddi,13263,41332,54595,0.24293433464602984,2.2716888781409637,0
Andhra Pradesh,Sri Potti Sriramulu Nellore,6668,3467,10135,0.657918105574741,2.5948744100687495,2
Andhra Pradesh,Sri Sathya Sai,5704,4711,10415,0.5476716274603937,2.5314490844070043,2
Andhra Pradesh,Srikakulam,125178,67429,192607,0.6499140737356378,2.7977317593282542,4
Andhra Pradesh,Tirupati,5633,4765,10398,0.5417387959222928,2.546644093768853,2
Andhra Pradesh,Visakhapatnam,195385,115918,311303,0.6276360973071252,2.7810582575151583,4
Andhra Pradesh,Vizianagaram,101296,58702,159998,0.6331079138489231,2.627829245840456,4
Andhra Pradesh,Warangal,13746,38012,51758,0.26558213223076627,2.1207518266905234,0
Andhra Pradesh,West Godavari,139979,80435,220414,0.6350730897311423,2.6037962995692188,4
Andhra Pradesh,Y. S. R,5183,3425,8608,0.602114312267658,2.439720834554029,2
Arunachal Pradesh,Anjaw,675,496,1171,0.5764304013663536,2.0786040123828533,2
Arunachal Pradesh,Changlang,5436,2747,8183,0.6643040449712819,1.808104363352188,2
Arunachal Pradesh,Dibang Valley,313,158,471,0.6645435244161358,1.5114172684872245,2
Arunachal Pradesh,East Kameng,2690,1607,4297,0.6260181521992088,2.015380172080824,2
Arunachal Pradesh,East Siang,2242,1079,3321,0.675097862089732,1.6483466506514317,2
Arunachal Pradesh,Kamle,57,86,143,0.3986013986013986,2.6865081188903717,0
Arunachal Pradesh,Kra Daadi,717,523,1240,0.5782258064516129,2.6079992546041244,2
Arunachal Pradesh,Kurung Kumey,1299,2091,3390,0.3831858407079646,2.787114569583356,0
Arunachal Pradesh,Lohit,1796,2095,3891,0.46157800051400666,2.1138973395784815,2
Arunachal Pradesh,Longding,1611,988,2599,0.6198537899191997,2.3102197842594534,2
Arunachal Pradesh,Lower Dibang Valley,1373,875,2248,0.6107651245551602,1.8136203147285384,2
Arunachal Pradesh,Lower Siang,359,54,413,0.8692493946731235,1.4812540382744863,2
Arunachal Pradesh,Lower Subansiri,1530,1150,2680,0.5708955223880597,2.5137210142137683,2
Arunachal Pradesh,Namsai,3561,2442,6003,0.5932033983008496,2.3528869316625776,2
Arunachal Pradesh,Papum Pare,4835,4424,9259,0.5221946214494005,2.393864688155022,2
Arunachal Pradesh,Shi-Yomi,210,319,529,0.39697542533081287,1.2867695362322873,1
Arunachal Pradesh,Siang,880,429,1309,0.6722689075630253,2.066900738105384,2
Arunachal Pradesh,Tawang,1866,598,2464,0.7573051948051948,1.6165487471690063,2
Arunachal Pradesh,Tirap,1371,522,1893,0.7242472266244057,1.6254720670012337,2
Arunachal Pradesh,Upper Siang,1235,561,1796,0.6876391982182628,1.7907371288516893,2
Arunachal Pradesh,Upper Subansiri,2462,1704,4166,0.5909745559289487,2.321007864634086,2
Arunachal Pradesh,West Kameng,2967,3205,6172,0.4807193778353856,2.346393814382865,2
Arunachal Pradesh,West Siang,3345,1301,4646,0.7199741713301765,1.7524956401830212,2
Assam,Baksa,11602,5853,17455,0.6646806072758522,2.2767887184771234,2
Assam,Barpeta,66392,29029,95421,0.6957797549805599,1.9647989119267586,2
Assam,Biswanath,6159,3389,9548,0.645056556346879,2.2703916043695016,2
Assam,Bongaigaon,24633,11975,36608,0.672885708041958,2.082026601516061,2
Assam,Cachar,42167,23978,66145,0.6374933857434424,2.239879378650581,2
Assam,Charaideo,6096,2197,8293,0.7350777764379597,2.132937365232847,2
Assam,Chirang,18078,9009,27087,0.6674050282423303,2.0055175579298186,2
Assam,Darrang,16240,10025,26265,0.6183133447553779,2.2388210266616455,2
Assam,Dhemaji,12494,8236,20730,0.6027013989387361,1.8885797312401533,2
Assam,Dhubri,40373,19102,59475,0.6788230348886086,2.3869925573777446,2
Assam,Dibrugarh,14970,11765,26735,0.5599401533570226,2.754825430315414,3
Assam,Goalpara,17021,10603,27624,0.616167101071532,1.6997222601767301,2
Assam,Golaghat,12369,7785,20154,0.6137243227150938,1.7159868589732146,2
Assam,Hailakandi,14201,6922,21123,0.6723003361264972,2.251182212228601,2
Assam,Hojai,15271,13731,29002,0.5265498931108199,1.9330323195386718,2
Assam,Jorhat,10704,5575,16279,0.6575342465753424,1.7885756881799892,2
Assam,Kamrup,30056,13196,43252,0.6949042818829188,2.436010703602344,2
Assam,Kamrup Metro,14584,12178,26762,0.5449517973245647,2.463651519638082,2
Assam,Karbi Anglong,25507,13699,39206,0.6505891955312962,1.5910773192969883,2
Assam,Karimganj,24232,11414,35646,0.6797957695113056,1.4097122952888066,2
Assam,Kokrajhar,18300,10559,28859,0.6341176062926643,2.605058665916922,2
Assam,Lakhimpur,17189,12583,29772,0.577354561332796,1.82315043713712,2
Assam,Majuli,2139,1243,3382,0.6324659964518037,2.44209232638123,2
Assam,Marigaon,19361,14575,33936,0.570515087223008,2.2417736631509855,2
Assam,Nagaon,44214,73665,117879,0.37507953070521466,1.7375755431723705,0
Assam,Nalbari,14657,5594,20251,0.723766727569009,1.5375054351466118,2
Assam,North Cachar Hills,2782,1242,4024,0.691351888667992,1.492694300170079,2
Assam,Sibsagar,8287,3093,11380,0.728207381370826,2.120157813206054,2
Assam,Sonitpur,17454,12663,30117,0.579539794800279,2.024531323865576,2
Assam,South Salmara Mankachar,2855,1993,4848,0.5889026402640264,1.7497221315880274,2
Assam,Sribhumi,42,315,357,0.11764705882352941,0.746320917068698,1
Assam,Tinsukia,12082,7167,19249,0.6276689698166138,2.2540212852097556,2
Assam,Udalguri,12995,9353,22348,0.5814838016824772,2.1925361478517877,2
Assam,West Karbi Anglong,1084,2308,3392,0.31957547169811323,1.2444883215446787,1
Bihar,Araria,72533,82911,155444,0.4666182033401096,2.8343655124315066,4
Bihar,Arwal,12094,18610,30704,0.3938900468994268,2.5505143464120628,0
Bihar,Aurangabad,46556,49874,96430,0.482795810432438,2.5469046388059113,3
Bihar,Aurangabad(Bh),35,197,232,0.15086206896551724,0.6680895437930193,1
Bihar,Banka,49854,48373,98227,0.5075386604497745,2.733637979233538,3
Bihar,Begusarai,72549,74659,147208,0.49283326993098203,2.769645868921269,4
Bihar,Bhagalpur,72409,75905,148314,0.4882141942095824,2.7124742921861076,4
Bihar,Bhojpur,39485,57511,96996,0.40707864241824404,2.6904566652870456,3
Bihar,Buxar,24831,32197,57028,0.43541768955600757,2.5771725365101363,0
Bihar,Darbhanga,93323,117057,210380,0.4435925468200399,2.6264571507340055,4
Bihar,East Champaran,95935,116199,212134,0.45223773652502663,2.6482594771779966,4
Bihar,Gaya,85898,99274,185172,0.46388222841466314,2.917194402876987,4
Bihar,Gopalganj,46818,56666,103484,0.4524177650651308,2.6675559604639685,3
Bihar,Jamui,46558,35599,82157,0.5666954733011186,2.463980935791875,3
Bihar,Jehanabad,15681,21749,37430,0.4189420251135453,2.5780998287870385,0
Bihar,Kaimur (Bhabua),37550,40607,78157,0.4804432104609952,2.687399493282917,3
Bihar,Katihar,98243,119037,217280,0.4521493004418262,2.608842215526686,4
Bihar,Khagaria,39283,40621,79904,0.4916274529435322,2.684665644040195,3
Bihar,Kishanganj,57815,83464,141279,0.4092257164900658,2.2291911722840956,4
Bihar,Lakhisarai,22610,26887,49497,0.4567953613350304,2.5578473001091924,3
Bihar,Madhepura,51666,65571,117237,0.4406970495662632,2.664896305893687,3
Bihar,Madhubani,110514,127621,238135,0.4640812984231633,2.7043832082046158,4
Bihar,Munger,21620,28851,50471,0.4283648035505538,2.567078540739527,0
Bihar,Muzaffarpur,93075,115469,208544,0.44630869264999234,2.6744576616101727,4
Bihar,Nalanda,51140,66262,117402,0.4355973492785472,2.6583507938564375,3
Bihar,Nawada,38447,47798,86245,0.4457881616325584,2.7670547769019476,3
Bihar,Pashchim Champaran,40,313,353,0.11331444759206799,1.0560389470956117,1
Bihar,Patna,93322,115692,209014,0.4464868382022257,2.695846023009665,4
Bihar,Purba Champaran,27,237,264,0.10227272727272728,0.6222839921487497,1
Bihar,Purnea,1027,3927,4954,0.20730722648364958,2.3988546555612404,0
Bihar,Purnia,106033,122518,228551,0.46393583926563436,2.76927095512085,4
Bihar,Rohtas,50054,61656,111710,0.4480708978605317,2.5195036216832953,3
Bihar,Saharsa,42412,77454,119866,0.3538284417599653,2.541323821636972,0
Bihar,Samastipur,93161,107004,200165,0.46542102765218696,2.799896917432256,4
Bihar,Samstipur,13,182,195,0.06666666666666667,0.6161246655363527,1
Bihar,Saran,63026,85477,148503,0.42440893449963973,2.47696006942629,4
Bihar,Sheikhpura,16884,23539,40423,0.41768300225119365,2.309099655771817,0
Bihar,Sheikpura,5,128,133,0.03759398496240601,0.7525548135118579,1
Bihar,Sheohar,12986,19696,32682,0.3973441037880179,2.551995641527877,0
Bihar,Sitamarhi,84925,97075,182000,0.46662087912087913,2.642385534726892,4
Bihar,Siwan,52907,72897,125804,0.42055101586595023,2.469079055556467,4
Bihar,Supaul,47023,65347,112370,0.4184657826822106,2.7252235414215624,3
Bihar,Vaishali,72298,95862,168160,0.4299357754519505,2.677313951487607,4
Bihar,West Champaran,75467,91350,166817,0.4523939406655197,2.591940354920479,4
Chandigarh,Chandigarh,49166,25296,74462,0.6602830974188176,4.290629583633965,3
Chhattisgarh,Balod,26841,54374,81215,0.330493135504525,2.263605373361483,0
Chhattisgarh,Baloda Bazar,53691,87056,140747,0.38147171875777103,2.297385857957549,4
Chhattisgarh,Balrampur,20113,32130,52243,0.3849893765671956,2.1459443648153367,0
Chhattisgarh,Bastar,27648,66736,94384,0.292931005255128,2.13122014999945,0
Chhattisgarh,Bemetara,34486,77224,111710,0.3087100528153254,2.339023408997659,0
Chhattisgarh,Bijapur,10757,17127,27884,0.38577678955673506,2.2919993655262823,0
Chhattisgarh,Bilaspur,67405,127632,195037,0.3456010910750268,2.1700979947480445,4
Chhattisgarh,Dakshin Bastar Dantewada,8064,19147,27211,0.29635074050935284,2.5990365459496285,0
Chhattisgarh,Dantewada,5327,13601,18928,0.28143491124260356,3.136217590414229,0
Chhattisgarh,Dhamtari,26826,63452,90278,0.2971488070183212,2.2133089008738174,0
Chhattisgarh,Durg,76883,102968,179851,0.4274816375777727,2.0103108292728025,4
Chhattisgarh,Gariyaband,16883,35205,52088,0.32412455843956384,2.0274472981622536,0
Chhattisgarh,Gaurela-Pendra-Marwahi,679,1610,2289,0.2966360856269113,2.8828137243092136,0
Chhattisgarh,Janjgir - Champa,5,195,200,0.025,0.8427920340738946,1
Chhattisgarh,Janjgir Champa,21,171,192,0.109375,0.554185014905643,1
Chhattisgarh,Janjgir-Champa,51955,128699,180654,0.28759396415246824,2.2600770848280867,4
Chhattisgarh,Jashpur,30250,44353,74603,0.40547967239923327,2.0750049553316887,0
Chhattisgarh,Kabeerdham,16628,15889,32517,0.5113632868960851,1.8598623516151893,2
Chhattisgarh,Kanker,19607,33602,53209,0.36849029299554587,2.1019043821076617,0
Chhattisgarh,Kawardha,23941,36850,60791,0.39382474379431165,2.0407855074525245,0
Chhattisgarh,Khairagarh Chhuikhadan Gandai,132,903,1035,0.12753623188405797,4.276783596755163,0
Chhattisgarh,Kondagaon,17291,40055,57346,0.3015205942873086,2.400699546027774,0
Chhattisgarh,Korba,32907,68967,101874,0.3230166676482714,2.38016228810925,0
Chhattisgarh,Koriya,19055,41842,60897,0.31290539763863573,2.28035481663,0
Chhattisgarh,Mahasamund,30360,69509,99869,0.3039982376913757,2.5643039849095066,0
Chhattisgarh,Manendragarhchirmiribharatpur,44,268,312,0.14102564102564102,0.3798989666372771,1
Chhattisgarh,Manendragarh–Chirmiri–Bharatpur,46,235,281,0.16370106761565836,0.8732148953725737,1
Chhattisgarh,Mohla-Manpur-Ambagarh Chouki,1060,3535,4595,0.2306855277475517,3.3879671195550713,0
Chhattisgarh,Mungeli,28914,53653,82567,0.3501883319001538,2.078109467851918,0
Chhattisgarh,Narayanpur,7156,15017,22173,0.3227348577098273,2.3039631617621072,0
Chhattisgarh,Raigarh,39625,135001,174626,0.22691351803282445,1.9508542685539683,4
Chhattisgarh,Raipur,59735,132634,192369,0.31052300526592125,2.2868497032495885,4
Chhattisgarh,Rajnandgaon,53657,100841,154498,0.3472989941617367,2.4232005712662064,4
Chhattisgarh,Sakti,644,3380,4024,0.16003976143141152,3.3724969801459714,0
Chhattisgarh,Sarangarh-Bilaigarh,113,930,1043,0.10834132310642378,0.6198715640451854,1
Chhattisgarh,Sukma,13922,16217,30139,0.4619264076445801,2.101876498874922,2
Chhattisgarh,Surajpur,24586,47236,71822,0.34231850964885413,2.0982364390333115,0
Chhattisgarh,Surguja,30222,52638,82860,0.36473569876900797,2.0330940242758877,0
Chhattisgarh,Uttar Bastar Kanker,7038,23263,30301,0.23226956206065807,2.226593783064203,0
Dadra And Nagar Haveli,Dadra & Nagar Haveli,72,481,553,0.1301989150090416,2.6635946295136,0
Dadra And Nagar Haveli,Dadra And Nagar Haveli,10791,16444,27235,0.3962181017073618,2.3874571941799108,0
Dadra And Nagar Haveli And Daman And Diu,Dadra And Nagar Haveli,550,1428,1978,0.2780586450960566,3.0721808299704847,0
Dadra And Nagar Haveli And Daman And Diu,Daman,190,331,521,0.3646833013435701,2.681248044072863,0
Daman And Diu,Daman,2771,2674,5445,0.5089072543617998,2.4137736811827466,2
Daman And Diu,Diu,1975,1528,3503,0.5638024550385384,2.3815147249610256,2
Delhi,Central Delhi,23688,30372,54060,0.43817980022197556,2.8500088514501245,3
Delhi,East Delhi,53829,68976,122805,0.43832905826310004,2.949557772817659,3
Delhi,Najafgarh,51,794,845,0.06035502958579882,3.3481740671617715,0
Delhi,New Delhi,2501,2062,4563,0.5481043173350866,2.6739122956505255,3
Delhi,North Delhi,25642,35188,60830,0.42153542659871773,2.7749962133833943,3
Delhi,North East,2393,44227,46620,0.05132990132990133,3.3074836793728286,0
Delhi,North East Delhi,77278,65818,143096,0.5400430480237044,2.8388377440891377,3
Delhi,North West Delhi,133575,191718,325293,0.41062980144054745,2.930202429839987,4
Delhi,Shahdara,2658,5305,7963,0.33379379630792416,3.082270618463774,0
Delhi,South Delhi,96661,126275,222936,0.43358183514551263,3.0976136936916046,4
Delhi,South East Delhi,239,343,582,0.4106529209621993,2.6560152395361607,0
Delhi,South West Delhi,66558,74969,141527,0.4702848219774319,2.9247279739247927,3
Delhi,West Delhi,71164,102078,173242,0.4107779868623082,3.0054617508671453,4
Goa,North Goa,18320,19451,37771,0.48502819623520693,2.3010393154823707,2
Goa,South Goa,15915,14669,30584,0.520370128171593,2.5421279781207526,3
Gujarat,Ahmadabad,958,14724,15682,0.06108914679250096,2.0790340628842743,1
Gujarat,Ahmedabad,165891,239599,405490,0.40911243187254925,2.8170045178708727,4
Gujarat,Amreli,33978,34536,68514,0.49592783956563624,2.7775701679023395,3
Gujarat,Anand,50966,62729,113695,0.4482694929416421,2.8108359387067545,3
Gujarat,Arvalli,19089,10580,29669,0.6433988337995888,2.7675114875076536,3
Gujarat,Banas Kantha,59,488,547,0.10786106032906764,1.7535896928792718,1
Gujarat,Banaskantha,74015,77742,151757,0.48772050053704274,2.598947031129245,4
Gujarat,Bharuch,38361,38017,76378,0.5022519573699232,2.6348696728703285,3
Gujarat,Bhavnagar,65784,75368,141152,0.46605078213557016,2.863684387138914,3
Gujarat,Botad,10356,5900,16256,0.6370570866141733,2.889094833199725,3
Gujarat,Chhotaudepur,18603,15199,33802,0.5503520501745459,3.0114001845368215,3
Gujarat,Dahod,60236,55439,115675,0.5207348173762697,2.805288781482602,3
Gujarat,Devbhumi Dwarka,17817,7647,25464,0.699693685202639,2.674009221776752,2
Gujarat,Dohad,2168,13548,15716,0.13794858742682617,2.5887913782203245,0
Gujarat,Gandhinagar,33686,42878,76564,0.4399717883078209,2.9087986628617606,3
Gujarat,Gir Somnath,23900,12866,36766,0.6500571179894468,2.6479457065782315,3
Gujarat,Jamnagar,40890,40212,81102,0.5041799215802323,2.795503542487043,3
Gujarat,Junagadh,33995,68677,102672,0.33110292971793676,2.684278602501946,0
Gujarat,Kachchh,67370,56591,123961,0.5434773840159405,2.9203668907805183,3
Gujarat,Kheda,49735,67426,117161,0.42450132723346506,2.77834305309998,3
Gujarat,Mahesana,42954,56959,99913,0.4299140252019257,2.8333148701839947,3
Gujarat,Mahisagar,18042,12910,30952,0.5829025588007237,2.693564313613422,3
Gujarat,Morbi,21440,10439,31879,0.6725430534207472,2.9075627821977204,3
Gujarat,Narmada,15333,23865,39198,0.39116791673044543,2.884224855087411,0
Gujarat,Navsari,24168,21384,45552,0.5305584826132771,2.5574261504067786,3
Gujarat,Panch Mahals,22,305,327,0.0672782874617737,0.7725341711989004,1
Gujarat,Panchmahals,39189,65579,104768,0.3740550549786194,2.495259541190177,0
Gujarat,Patan,35135,38814,73949,0.4751247481372297,2.8171425192325064,3
Gujarat,Porbandar,14257,16728,30985,0.46012586735517186,3.0015005418366356,3
Gujarat,Rajkot,79522,89189,168711,0.47135041579979964,2.887221974756692,4
Gujarat,Sabar Kantha,59,558,617,0.09562398703403566,0.6941514686716554,1
Gujarat,Sabarkantha,37100,53287,90387,0.4104572560213305,2.788628548108166,3
Gujarat,Surat,138828,142771,281599,0.4929989097972649,2.6879183065872096,4
Gujarat,Surendra Nagar,44699,51012,95711,0.4670205096592868,2.931288831022591,3
Gujarat,Surendranagar,46,481,527,0.0872865275142315,0.5989087533448156,1
Gujarat,Tapi,16731,23294,40025,0.41801374141161773,2.600568658137959,0
Gujarat,The Dangs,12787,15163,27950,0.4574955277280859,2.993930652622603,3
Gujarat,Vadodara,72719,128698,201417,0.3610370524831568,2.7229032007926506,4
Gujarat,Valsad,39767,44257,84024,0.47328144339712463,2.6709057054908163,3
Haryana,Ambala,26591,46165,72756,0.36548188465556103,2.677681073608012,0
Haryana,Bhiwani,37865,57760,95625,0.3959738562091503,2.6389729172364773,0
Haryana,Charkhi Dadri,3023,6765,9788,0.3088475684511647,2.5813935179595577,0
Haryana,Faridabad,58976,59975,118951,0.49580079192272447,2.443328710607975,3
Haryana,Fatehabad,29864,39930,69794,0.4278877840502049,2.5187628543953386,0
Haryana,Gurgaon,35245,35546,70791,0.49787402353406507,2.3909005898050517,3
Haryana,Hisar,53323,62544,115867,0.4602086875469288,2.6049960815589412,3
Haryana,Jhajjar,24917,31722,56639,0.4399265523755716,2.495351039380275,0
Haryana,Jind,34877,56391,91268,0.3821383179208485,2.3806897554448185,0
Haryana,Kaithal,34402,45534,79936,0.43036929543634905,2.7251306653129417,3
Haryana,Karnal,32424,61595,94019,0.34486646316170133,2.4898708255481963,0
Haryana,Kurukshetra,23358,46634,69992,0.3337238541547605,2.528001487623616,0
Haryana,Mahendragarh,20501,28331,48832,0.4198271625163827,2.264633064889929,0
Haryana,Mewat,38268,30057,68325,0.5600878155872667,1.832738718052195,2
Haryana,Palwal,30617,28080,58697,0.5216109852292281,2.143432593701052,2
Haryana,Panchkula,18303,19066,37369,0.48979100323797803,2.6971617096248246,3
Haryana,Panipat,31426,48347,79773,0.3939428127311246,2.5078335654990482,0
Haryana,Rewari,24987,24745,49732,0.5024330411002976,2.56203883414567,3
Haryana,Rohtak,25700,50270,75970,0.33829143082795843,2.587540078392654,0
Haryana,Sirsa,40642,56424,97066,0.41870479879669503,2.5061564997879127,0
Haryana,Sonipat,34624,50029,84653,0.4090109033347903,2.5651174712926745,0
Haryana,Yamuna Nagar,33592,55136,88728,0.3785952574159228,2.4268539687238464,0
Haryana,Yamunanagar,142,740,882,0.16099773242630386,1.835604473030941,1
Himachal Pradesh,Bilaspur,9673,12233,21906,0.44156852004017166,2.2679364754317852,0
Himachal Pradesh,Chamba,16275,17567,33842,0.4809112936587672,2.2525692264944928,2
Himachal Pradesh,Hamirpur,11206,12613,23819,0.47046475502749907,2.1551324340059,2
Himachal Pradesh,Kangra,44703,45210,89913,0.4971806079209903,2.180038915743514,2
Himachal Pradesh,Kinnaur,2221,2246,4467,0.49720170136556974,2.3487815175828266,2
Himachal Pradesh,Kullu,11409,9839,21248,0.5369446536144579,2.312168346615397,2
Himachal Pradesh,Lahul & Spiti,110,485,595,0.18487394957983194,1.118925100474734,1
Himachal Pradesh,Lahul And Spiti,557,208,765,0.7281045751633987,1.5147081033044183,2
Himachal Pradesh,Mandi,28869,34465,63334,0.4558215176682351,2.355204756130243,0
Himachal Pradesh,Shimla,19863,19864,39727,0.499987414101241,2.2229490668426077,2
Himachal Pradesh,Sirmaur,15275,16178,31453,0.4856452484659651,2.8159797466586913,3
Himachal Pradesh,Solan,16252,17317,33569,0.4841371503470464,2.30101154947876,2
Himachal Pradesh,Una,15138,16411,31549,0.47982503407398014,2.1881611807421915,2
Jammu And Kashmir,Anantnag,26948,20621,47569,0.5665033950682167,2.1286048803106072,2
Jammu And Kashmir,Badgam,4702,9439,14141,0.3325083091719115,2.4178523099963627,0
Jammu And Kashmir,Bandipore,10653,9720,20373,0.5228979531733177,2.3986664456625593,2
Jammu And Kashmir,Baramula,28536,33399,61935,0.46074109953984016,2.356681717706547,0
Jammu And Kashmir,Budgam,18502,4609,23111,0.800571156592099,2.293649952212011,2
Jammu And Kashmir,Doda,19429,17350,36779,0.528263411185731,2.2118440797990564,2
Jammu And Kashmir,Ganderbal,7268,6428,13696,0.5306658878504673,2.2245270090958096,2
Jammu And Kashmir,Jammu,45899,52900,98799,0.46456947944817256,2.2091903328669247,2
Jammu And Kashmir,Kargil,1848,1075,2923,0.6322271638727335,1.7546120011773247,2
Jammu And Kashmir,Kathua,23083,17080,40163,0.5747329631750616,2.359466930091526,2
Jammu And Kashmir,Kishtwar,10878,10042,20920,0.5199808795411089,2.7515139589032174,3
Jammu And Kashmir,Kulgam,14367,11377,25744,0.5580717837165942,2.5696320556035346,3
Jammu And Kashmir,Kupwara,24776,24984,49760,0.49790996784565916,2.5858731886795585,3
Jammu And Kashmir,Leh,1641,923,2564,0.640015600624025,1.7470628883263195,2
Jammu And Kashmir,Pulwama,20583,12249,32832,0.6269188596491229,1.6405438848374585,2
Jammu And Kashmir,Punch,25884,20491,46375,0.5581455525606469,2.2486523068488506,2
Jammu And Kashmir,Rajouri,29902,25834,55736,0.5364934692119995,2.1603865855651443,2
Jammu And Kashmir,Ramban,21848,8029,29877,0.7312648525621716,1.7306556291788957,2
Jammu And Kashmir,Reasi,12538,10702,23240,0.539500860585198,2.6493973579874788,3
Jammu And Kashmir,Samba,6837,4388,11225,0.609086859688196,2.070062132994039,2
Jammu And Kashmir,Shupiyan,9253,6276,15529,0.5958529203425849,2.3034448930036575,2
Jammu And Kashmir,Srinagar,32592,40252,72844,0.4474218878699687,1.850829336981008,2
Jammu And Kashmir,Udhampur,22370,23116,45486,0.4917996746251594,2.5944974116113677,3
Jharkhand,Bokaro,45931,62498,108429,0.42360438628042313,2.6963222895461003,3
Jharkhand,Chatra,32491,35201,67692,0.4799828635584707,2.650130762139181,3
Jharkhand,Deoghar,33194,34232,67426,0.49230267255954674,2.7669879525693024,3
Jharkhand,Dhanbad,52546,98523,151069,0.34782781378045796,2.9272088709482578,4
Jharkhand,Dumka,36526,39686,76212,0.4792683566892353,3.0612974995694553,3
Jharkhand,East Singhbhum,59424,76682,136106,0.43660088460464636,2.819017548776141,3
Jharkhand,Garhwa,41415,58043,99458,0.41640692553640735,2.784622748433394,3
Jharkhand,Garhwa *,535,5049,5584,0.09580945558739255,2.601013672976864,0
Jharkhand,Giridih,53614,56796,110410,0.48559007336292004,2.8441719963894556,3
Jharkhand,Godda,44532,36402,80934,0.5502261101638372,2.920688943026626,3
Jharkhand,Gumla,33578,54300,87878,0.38209790846400693,2.623101313569857,0
Jharkhand,Hazaribag,1605,6129,7734,0.20752521334367727,2.646531642859555,0
Jharkhand,Hazaribagh,38357,36575,74932,0.5118907809747505,2.7391849111752395,3
Jharkhand,Jamtara,17787,21854,39641,0.44870210135970334,2.768784700771344,3
Jharkhand,Khunti,15296,27659,42955,0.356093586311256,2.6054580893486268,0
Jharkhand,Kodarma,1247,3651,4898,0.254593711719069,2.8023172949199724,0
Jharkhand,Koderma,17953,20190,38143,0.4706761397897386,2.9018540780775277,3
Jharkhand,Latehar,22149,21314,43463,0.509605871660953,2.7488752232395126,3
Jharkhand,Lohardaga,13862,25334,39196,0.35365853658536583,2.9598115204733904,0
Jharkhand,Pakaur,1049,1435,2484,0.4223027375201288,2.964630117605115,3
Jharkhand,Pakur,21113,16174,37287,0.5662295169898356,3.113226394950222,3
Jharkhand,Palamau,496,2138,2634,0.18830675778283978,2.4318025945037194,0
Jharkhand,Palamu,57189,55852,113041,0.5059137834944843,2.8111644913538547,3
Jharkhand,Pashchimi Singhbhum,3615,10496,14111,0.2561831195521225,2.8384233726552677,0
Jharkhand,Purbi Singhbhum,3984,16575,20559,0.1937837443455421,2.8612589746345685,0
Jharkhand,Ramgarh,17337,19900,37237,0.4655853049386363,2.697533524914161,3
Jharkhand,Ranchi,61673,116101,177774,0.3469179970074364,2.990815649101829,4
Jharkhand,Sahebganj,36759,27666,64425,0.570570430733411,2.7936277065395747,3
Jharkhand,Sahibganj,654,1443,2097,0.31187410586552217,1.8832521802171096,0
Jharkhand,Seraikela-Kharsawan,31898,46690,78588,0.4058889397872449,2.652710656536509,0
Jharkhand,Simdega,20497,42214,62711,0.326848559263925,2.9309890695123446,0
Jharkhand,West Singhbhum,58306,72880,131186,0.4444529141829159,2.8925442592102812,3
Karnataka,Bagalkot,39884,37250,77134,0.5170741825913345,2.514862602688715,3
Karnataka,Bagalkot *,439,1286,1725,0.2544927536231884,1.6971018350564757,1
Karnataka,Ballari,25151,12209,37360,0.6732066381156316,2.517110122720592,2
Karnataka,Bangalore,51767,147212,198979,0.2601631327929078,2.6612256279017554,4
Karnataka,Bangalore Rural,18760,19275,38035,0.4932299198107007,2.3721519067967396,2
Karnataka,Belagavi,52855,26146,79001,0.6690421640232402,2.398878426505475,2
Karnataka,Belgaum,44316,66753,111069,0.3989952191880723,2.5161251686005652,0
Karnataka,Bellary,29044,39203,68247,0.4255718200067402,2.4577154094383196,0
Karnataka,Bengaluru,144086,152989,297075,0.4850155684591433,2.646550430534055,4
Karnataka,Bengaluru South,23,123,146,0.15753424657534246,0.6476100100939461,1
Karnataka,Bidar,38406,41302,79708,0.48183369297937473,2.2907633533813776,2
Karnataka,Bijapur,20574,34536,55110,0.3733260751224823,2.455516098394352,0
Karnataka,Chamarajanagar,445,1400,1845,0.24119241192411925,1.7197067871211165,1
Karnataka,Chamrajanagar,15916,13049,28965,0.5494907647160366,2.2012706646491407,2
Karnataka,Chamrajnagar,603,1649,2252,0.2677619893428064,1.2110113488730783,1
Karnataka,Chickmagalur,6808,15111,21919,0.310598111227702,2.4678934201836054,0
Karnataka,Chikkaballapur,21218,20715,41933,0.5059976629384971,2.4651060847455755,3
Karnataka,Chikkamagaluru,9401,5775,15176,0.6194649446494465,2.5915328668635653,2
Karnataka,Chikmagalur,201,1184,1385,0.14512635379061373,1.6937655438498134,1
Karnataka,Chitradurga,29756,31471,61227,0.4859947408822905,2.465384451577433,3
Karnataka,Dakshina Kannada,38932,39119,78051,0.4988020653162676,2.5292918202827637,3
Karnataka,Davanagere,806,5445,6251,0.12893936970084788,1.7111835558697404,1
Karnataka,Davangere,39870,49562,89432,0.44581357903211377,2.681515313449165,3
Karnataka,Dharwad,41268,46553,87821,0.4699103858985892,2.713209638000518,3
Karnataka,Gadag,22744,17981,40725,0.5584775936157151,2.5978312146186306,3
Karnataka,Gadag *,383,957,1340,0.28582089552238804,2.0162850446243126,0
Karnataka,Gulbarga,21236,43229,64465,0.3294190646087024,2.309578851149028,0
Karnataka,Hasan,2167,7515,9682,0.22381739310059906,1.8687322044352292,1
Karnataka,Hassan,27002,20010,47012,0.5743639921722113,2.6186476353728914,3
Karnataka,Haveri,34207,34121,68328,0.5006293174101393,2.806322964668087,3
Karnataka,Haveri *,333,1084,1417,0.23500352858151025,1.844228409128267,1
Karnataka,Kalaburagi,45175,24962,70137,0.6440965538873918,2.4659404908410574,2
Karnataka,Kodagu,8269,9036,17305,0.4778387749205432,2.6933962321643876,3
Karnataka,Kolar,31388,32895,64283,0.4882783939766346,2.4818955774837907,3
Karnataka,Koppal,31753,28059,59812,0.5308800909516485,2.5184167829631683,3
Karnataka,Mandya,31387,34392,65779,0.47715836361148695,2.5255649120158976,3
Karnataka,Mysore,17825,36693,54518,0.3269562346381012,2.350469972222431,0
Karnataka,Mysuru,32289,22300,54589,0.5914927915880489,2.5412484080393174,3
Karnataka,Raichur,53880,56997,110877,0.48594388376308884,2.3456595452357094,3
Karnataka,Ramanagar,20055,20867,40922,0.4900786862812179,2.497579179819328,3
Karnataka,Shimoga,7443,19406,26849,0.27721702856717195,2.3551470299023074,0
Karnataka,Shivamogga,21668,11986,33654,0.6438461995602306,2.5562358879004545,2
Karnataka,Tumakuru,26620,16941,43561,0.6110970822524735,2.5530258980377707,2
Karnataka,Tumkur,20241,44520,64761,0.3125492194376245,2.3832500530194167,0
Karnataka,Udupi,20128,14497,34625,0.5813140794223827,2.4592752386728907,2
Karnataka,Uttara Kannada,23598,19558,43156,0.5468069329873019,2.451590373099709,2
Karnataka,Vijayanagara,5607,14341,19948,0.28108081010627634,3.210066056786952,0
Karnataka,Vijayapura,35601,17491,53092,0.6705530023355685,2.5152088018969745,2
Karnataka,Yadgir,33445,31738,65183,0.5130939048524922,2.490828067896807,3
Kerala,Alappuzha,34603,53026,87629,0.39488069018247385,2.6701710826344733,0
Kerala,Ernakulam,61215,87540,148755,0.41151557930825855,2.71319857322613,4
Kerala,Idukki,19715,28218,47933,0.41130327749149853,2.5991583842266515,0
Kerala,Kannur,49177,70222,119399,0.41187112119867003,2.5362446488341854,0
Kerala,Kasaragod,36306,35450,71756,0.5059646580076927,2.7502812177812404,3
Kerala,Kasargod,211,1927,2138,0.09869036482694106,0.844591982784293,1
Kerala,Kollam,50033,77278,127311,0.39299824838387887,2.6914129593568084,3
Kerala,Kottayam,30704,47511,78215,0.39255897206418205,2.6012824167395077,0
Kerala,Kozhikode,61123,91063,152186,0.40163352739410985,2.444072439771165,4
Kerala,Malappuram,96696,127313,224009,0.43166122789709344,2.5572231662873057,4
Kerala,Palakkad,61028,98819,159847,0.38179008677047427,2.724992954325967,4
Kerala,Pathanamthitta,20056,39314,59370,0.33781371062826343,2.660410288080241,0
Kerala,Thiruvananthapuram,55721,93096,148817,0.37442630882224476,2.661303153519127,4
Kerala,Thrissur,58766,86746,145512,0.40385672659299576,2.5845701410736943,4
Kerala,Wayanad,12585,24268,36853,0.34149187311752094,2.5277333726142173,0
Ladakh,Kargil,1711,1231,2942,0.5815771583956492,2.5659073335344913,2
Ladakh,Leh,1098,1723,2821,0.3892236795462602,2.500353081054484,0
Lakshadweep,Lakshadweep,2226,2594,4820,0.46182572614107886,2.4555533782454764,0
Madhya Pradesh,Agar Malwa,5721,11092,16813,0.3402724082555166,2.548363738887737,0
Madhya Pradesh,Alirajpur,33490,28643,62133,0.5390050375806738,2.861897568360082,3
Madhya Pradesh,Anuppur,31994,39356,71350,0.44840925017519273,2.959881825353774,3
Madhya Pradesh,Ashok Nagar,44837,29539,74376,0.6028423147251801,3.065427689318894,3
Madhya Pradesh,Balaghat,72713,54049,126762,0.573618276770641,2.5796261065945494,3
Madhya Pradesh,Barwani,78193,65234,143427,0.545176291772121,3.095523515784465,3
Madhya Pradesh,Betul,69579,86243,155822,0.44652873150132844,2.7257177501607557,4
Madhya Pradesh,Bhind,51439,31926,83365,0.6170335272596413,2.7084322279904303,3
Madhya Pradesh,Bhopal,89809,96629,186438,0.48170973728531735,2.6146365003648926,4
Madhya Pradesh,Burhanpur,33915,40226,74141,0.4574392036794756,2.9310591493202254,3
Madhya Pradesh,Chhatarpur,89515,69016,158531,0.5646529700815613,2.9270656127664747,3
Madhya Pradesh,Chhindwara,63350,76841,140191,0.45188350179398107,2.623879560768791,4
Madhya Pradesh,Damoh,74879,59604,134483,0.556791564733089,3.1380629523653423,3
Madhya Pradesh,Datia,27648,19386,47034,0.5878300803673938,2.7881477324259087,3
Madhya Pradesh,Dewas,56452,63449,119901,0.47082176128639464,2.7368489503954456,3
Madhya Pradesh,Dhar,77936,68455,146391,0.5323824552055796,3.007829926578321,3
Madhya Pradesh,Dindori,33514,27962,61476,0.5451558331706682,3.0572472937407604,3
Madhya Pradesh,East Nimar,10364,29999,40363,0.25676981393850806,2.722994046390342,0
Madhya Pradesh,Guna,80661,52225,132886,0.606993964751742,3.1332032751135515,3
Madhya Pradesh,Gwalior,69790,57330,127120,0.5490088105726872,2.7179447520782936,3
Madhya Pradesh,Harda,18957,18812,37769,0.5019195636633218,2.8702625731244997,3
Madhya Pradesh,Harda *,2126,8046,10172,0.20900511207235548,2.5971825639340893,0
Madhya Pradesh,Hoshangabad,45218,51838,97056,0.4658959775799538,2.787822363486335,3
Madhya Pradesh,Indore,108940,112684,221624,0.49155326137963395,2.479990941055914,4
Madhya Pradesh,Jabalpur,82138,76526,158664,0.5176851711793475,2.347526551759609,4
Madhya Pradesh,Jhabua,50578,38148,88726,0.570047111331515,2.941651469395778,3
Madhya Pradesh,Katni,53755,44697,98452,0.5460021127046683,2.297160317645036,2
Madhya Pradesh,Khandwa,36298,22720,59018,0.6150327018875598,2.851823503757943,3
Madhya Pradesh,Khargone,81463,87738,169201,0.48145696538436533,3.0195700339431744,4
Madhya Pradesh,Maihar,196,1325,1521,0.12886259040105194,1.860346299261324,1
Madhya Pradesh,Mandla,34924,27323,62247,0.5610551512522692,2.904853932555654,3
Madhya Pradesh,Mandsaur,46973,45487,92460,0.5080359074194246,3.0365030887697935,3
Madhya Pradesh,Mauganj,83,978,1061,0.07822808671065033,0.971710796607493,1
Madhya Pradesh,Morena,94466,51093,145559,0.6489876957110176,2.970919162440934,3
Madhya Pradesh,Narmadapuram,1420,5430,6850,0.2072992700729927,2.8990103306559876,0
Madhya Pradesh,Narsimhapur,2685,7663,10348,0.259470429068419,2.350913761082109,0
Madhya Pradesh,Narsinghpur,38006,25111,63117,0.6021515598016383,2.591685359115584,3
Madhya Pradesh,Neemuch,34879,22132,57011,0.611794215151462,2.9801663991220586,3
Madhya Pradesh,Niwari,1194,1101,2295,0.5202614379084968,2.9059460378467747,3
Madhya Pradesh,Pandhurna,78,299,377,0.20689655172413793,1.8462051270445459,1
Madhya Pradesh,Panna,53832,44207,98039,0.5490876079927376,3.0425457050380382,3
Madhya Pradesh,Raisen,67598,49050,116648,0.5795041492353062,2.8910305377946743,3
Madhya Pradesh,Rajgarh,83066,82163,165229,0.502732571158816,3.050387876722849,4
Madhya Pradesh,Ratlam,83610,51337,134947,0.6195765745070286,2.512953313755631,3
Madhya Pradesh,Rewa,119788,75171,194959,0.6144266230335609,2.85731757566594,4
Madhya Pradesh,Sagar,112844,79881,192725,0.5855182254507718,2.9260191044790425,4
Madhya Pradesh,Satna,96656,76057,172713,0.5596336118300301,2.5777818994545534,4
Madhya Pradesh,Sehore,54978,63024,118002,0.4659073575024152,2.9382536340187424,3
Madhya Pradesh,Seoni,45852,39900,85752,0.5347047299188357,2.856832626667886,3
Madhya Pradesh,Shahdol,45413,49159,94572,0.48019498371611047,2.7582716532732783,3
Madhya Pradesh,Shajapur,62880,63761,126641,0.49652166360025585,3.050731185729897,3
Madhya Pradesh,Sheopur,32840,23428,56268,0.5836354588753822,3.0615733971989516,3
Madhya Pradesh,Shivpuri,90683,75889,166572,0.544407223302836,3.3050522908321116,3
Madhya Pradesh,Sidhi,77260,43947,121207,0.637421931076588,3.1163381492832576,3
Madhya Pradesh,Singrauli,76133,32297,108430,0.7021396292538965,3.1815560591599783,3
Madhya Pradesh,Tikamgarh,89448,71168,160616,0.5569059122378841,3.1196312964178023,3
Madhya Pradesh,Ujjain,86924,63027,149951,0.5796826963474735,2.442162941734795,4
Madhya Pradesh,Umaria,19901,19360,39261,0.506889788848985,2.344090170880397,2
Madhya Pradesh,Vidisha,67687,57203,124890,0.5419729361838418,2.7353479683870163,3
Madhya Pradesh,West Nimar,2548,7270,9818,0.25952332450600935,2.502617540413991,0
Maharashtra,Ahmadnagar,164245,199316,363561,0.45176737878925405,1.8432430701156342,4
Maharashtra,Ahmed Nagar,1602,4237,5839,0.2743620482959411,1.0053799942534845,1
Maharashtra,Akola,53986,131099,185085,0.291682200070238,2.2367774837414935,4
Maharashtra,Amravati,103569,234714,338283,0.30616081801332024,2.231305360618988,4
Maharashtra,Aurangabad,110323,201050,311373,0.35431138859181754,2.234398455213471,4
Maharashtra,Beed,114059,141436,255495,0.4464236090725846,2.250468343450383,4
Maharashtra,Bhandara,31856,70348,102204,0.3116903448005949,2.0428112637371756,0
Maharashtra,Bid,538,9354,9892,0.05438738374443995,1.6090534663872087,1
Maharashtra,Buldana,3169,32568,35737,0.08867560231692644,1.6155484850745967,1
Maharashtra,Buldhana,84533,134968,219501,0.38511441861312706,1.886345968728473,4
Maharashtra,Chandrapur,65688,147946,213634,0.3074791465777919,2.08928172987887,4
Maharashtra,Chatrapati Sambhaji Nagar,413,1791,2204,0.18738656987295826,2.7662981472016592,0
Maharashtra,Chhatrapati Sambhajinagar,842,4025,4867,0.17300184918841174,2.835628527609361,0
Maharashtra,Dharashiv,121,522,643,0.18818040435458788,1.7407709228322552,1
Maharashtra,Dhule,72244,125610,197854,0.3651379299887796,2.315116595468513,4
Maharashtra,Gadchiroli,38590,102075,140665,0.27433974336188816,1.7579086424894967,0
Maharashtra,Gondia,26,839,865,0.03005780346820809,0.8717877503970479,1
Maharashtra,Gondiya,35448,61066,96514,0.3672835029114947,1.9559353545040736,0
Maharashtra,Gondiya *,67,1341,1408,0.04758522727272727,0.6073657791349385,1
Maharashtra,Hingoli,45691,71373,117064,0.3903078657828197,2.1056285876744347,0
Maharashtra,Jalgaon,148853,268531,417384,0.356633220248021,2.234144344367214,4
Maharashtra,Jalna,71820,120872,192692,0.37271915803458366,2.1946397081793023,4
Maharashtra,Kolhapur,118410,152674,271084,0.43680187690900235,2.2419182422668396,4
Maharashtra,Latur,74375,172366,246741,0.30142943410296624,2.583687042759176,4
Maharashtra,Mumbai,119615,284744,404359,0.295813868369444,2.157323152751049,4
Maharashtra,Mumbai City,28377,19194,47571,0.5965188875575456,2.0729562264809007,2
Maharashtra,Mumbai Suburban,99373,74817,174190,0.5704862506458465,2.094661353467786,4
Maharashtra,Mumbai( Sub Urban ),454,4473,4927,0.09214532169677288,0.5967064664001315,1
Maharashtra,Nagpur,112851,238072,350923,0.32158336729140014,2.292919704200095,4
Maharashtra,Nanded,124730,217810,342540,0.3641326560401705,2.2114316281272313,4
Maharashtra,Nandurbar,67146,132601,199747,0.3361552363740131,2.506801613597135,4
Maharashtra,Nandurbar *,16,1629,1645,0.009726443768996961,0.5826083292175295,1
Maharashtra,Nashik,213100,363506,576606,0.3695764525516557,2.096884629580616,4
Maharashtra,Osmanabad,62688,92367,155055,0.4042952500725549,2.4709779794746263,4
Maharashtra,Palghar,91196,66756,157952,0.5773652755267423,2.0966342594974305,4
Maharashtra,Parbhani,77890,106136,184026,0.4232554095616924,2.3299960276671445,4
Maharashtra,Pune,283480,322282,605762,0.46797257008528104,2.246320614220641,4
Maharashtra,Raigad,4153,9872,14025,0.29611408199643496,2.167147890416679,0
Maharashtra,Raigarh,74452,82211,156663,0.47523665447489194,2.0845071407059725,4
Maharashtra,Raigarh(Mh),24,476,500,0.048,0.585946709749843,1
Maharashtra,Ratnagiri,56842,82347,139189,0.4083799725553025,1.7772285464209936,4
Maharashtra,Sangli,94241,128772,223013,0.4225807464138862,2.00712786520791,4
Maharashtra,Satara,103754,105815,209569,0.49508276510361743,2.0520595281389613,4
Maharashtra,Sindhudurg,21284,27093,48377,0.439961138557579,1.7664450101997033,2
Maharashtra,Solapur,154623,179884,334507,0.4622414478620776,2.227845943277148,4
Maharashtra,Thane,202896,368377,571273,0.35516469358782926,2.0881997033501305,4
Maharashtra,Wardha,41487,84972,126459,0.3280668042606695,1.9301386959486826,0
Maharashtra,Washim,44911,93709,138620,0.32398643774347136,1.9963604139391193,0
Maharashtra,Washim *,60,779,839,0.07151370679380215,0.5898333234916168,1
Maharashtra,Yavatmal,92600,234587,327187,0.28301857958904236,2.0046730088914235,4
Manipur,Bishnupur,19678,10631,30309,0.6492460985185918,3.0402405110773505,3
Manipur,Chandel,4719,3964,8683,0.5434757572267649,2.314236868212163,2
Manipur,Churachandpur,11461,7351,18812,0.6092387837550499,2.246488587903449,2
Manipur,Imphal East,36938,22336,59274,0.6231737355332861,3.505677816026258,3
Manipur,Imphal West,36009,25302,61311,0.5873171209081568,2.9241707604750555,3
Manipur,Jiribam,452,1514,1966,0.2299084435401831,3.039477992419719,0
Manipur,Kakching,1363,684,2047,0.6658524670249145,3.5168172849270203,3
Manipur,Senapati,12619,9977,22596,0.5584616746326784,2.549872413206262,3
Manipur,Tamenglong,4067,3787,7854,0.517825311942959,2.118995404993755,2
Manipur,Thoubal,32794,23249,56043,0.5851578252413325,3.2686099966508095,3
Manipur,Ukhrul,6363,7327,13690,0.4647918188458729,2.6321903211052966,3
Meghalaya,East Garo Hills,975,1749,2724,0.3579295154185022,2.6006667399802335,0
Meghalaya,East Jaintia Hills,2042,740,2782,0.7340043134435658,1.8604026724630527,2
Meghalaya,East Khasi Hills,8982,12022,21004,0.427632831841554,2.523983438134832,0
Meghalaya,North Garo Hills,816,427,1243,0.6564762670957361,2.2749805122528874,2
Meghalaya,Ri Bhoi,2847,1677,4524,0.6293103448275862,1.9534774393649184,2
Meghalaya,South Garo Hills,584,701,1285,0.4544747081712062,2.3052320779711284,0
Meghalaya,South West Garo Hills,2485,2430,4915,0.5055951169888098,2.3484868840678454,2
Meghalaya,South West Khasi Hills,1894,1538,3432,0.5518648018648019,2.3933943273670812,2
Meghalaya,West Garo Hills,8275,25195,33470,0.24723633104272483,3.1757629767873117,0
Meghalaya,West Jaintia Hills,4302,1875,6177,0.6964545896066051,2.3024072630981243,2
Meghalaya,West Khasi Hills,3326,2728,6054,0.5493888338288735,2.660792522967563,3
Mizoram,Aizawl,26633,11044,37677,0.7068768744857605,4.197438909303195,3
Mizoram,Champhai,11652,4316,15968,0.7297094188376754,4.864369386935671,3
Mizoram,Kolasib,8032,2899,10931,0.7347909614856829,4.61874859782961,3
Mizoram,Lawngtlai,8990,4440,13430,0.6693968726731199,3.4487371612100564,3
Mizoram,Lunglei,10249,5040,15289,0.6703512329125515,4.167102990030029,3
Mizoram,Mamit,8827,1888,10715,0.8237984134391041,4.5060234343176715,3
Mizoram,Mammit,1723,1134,2857,0.6030801540077004,4.3804008962327,3
Mizoram,Saiha,4477,1279,5756,0.7777970813064629,4.644302717205895,3
Mizoram,Serchhip,4895,2709,7604,0.643740136770121,5.092059134905405,3
Nagaland,Chumukedima,245,406,651,0.3763440860215054,2.7033260181065666,0
Nagaland,Dimapur,9331,15892,25223,0.3699401340046783,2.269172884811406,0
Nagaland,Kiphire,1576,2734,4310,0.365661252900232,2.65065523754064,0
Nagaland,Kohima,3226,10727,13953,0.23120475883322583,2.6015296619653747,0
Nagaland,Longleng,671,2003,2674,0.25093492894540015,3.061798049900681,0
Nagaland,Meluri,160,705,865,0.18497109826589594,1.0866315758647487,1
Nagaland,Mokokchung,2120,6425,8545,0.2480983031012288,2.460166390723494,0
Nagaland,Mon,5267,8777,14044,0.3750356023924808,2.4476953393297207,0
Nagaland,Niuland,110,175,285,0.38596491228070173,2.3913192867505795,0
Nagaland,Noklak,227,520,747,0.3038821954484605,2.3872676124114007,0
Nagaland,Peren,1819,2765,4584,0.3968150087260035,2.608868168003435,0
Nagaland,Phek,1620,7138,8758,0.1849737382964147,2.900848882543947,0
Nagaland,Shamator,36,134,170,0.21176470588235294,2.755213240386305,0
Nagaland,Tseminyu,53,133,186,0.2849462365591398,2.762880022340869,0
Nagaland,Tuensang,2650,7058,9708,0.272970745776679,2.6180746719065806,0
Nagaland,Wokha,1973,4954,6927,0.2848274866464559,2.885597351518994,0
Nagaland,Zunheboto,1477,6486,7963,0.1854828582192641,2.8606429567276064,0
Odisha,Angul,32306,31749,64055,0.5043478260869565,2.355191285331162,2
Odisha,Anugul,494,1611,2105,0.2346793349168646,1.1793069157704,1
Odisha,Balangir,48798,52248,101046,0.48292856718722166,2.5296191686941585,3
Odisha,Baleshwar,6562,18274,24836,0.26421323884683523,2.070225611185335,0
Odisha,Baleswar,60258,44416,104674,0.5756730420161644,2.2592330703646026,2
Odisha,Bargarh,42130,39677,81807,0.5149926045448433,2.330152759551551,2
Odisha,Baudh,936,3909,4845,0.1931888544891641,2.460682479849294,0
Odisha,Bhadrak,53061,44619,97680,0.5432125307125307,2.559929448298441,3
Odisha,Boudh,12444,11863,24307,0.5119512897519233,2.2012329769081806,2
Odisha,Cuttack,66530,74538,141068,0.4716165253636544,2.602476186454862,4
Odisha,Debagarh,8408,7844,16252,0.5173517105587004,2.349982214202111,2
Odisha,Dhenkanal,37852,39795,77647,0.48748824809715763,2.5370849694619872,3
Odisha,Gajapati,30085,28923,59008,0.5098461225596529,2.5005438042187094,3
Odisha,Ganjam,96263,92599,188862,0.5097002043820356,2.461906357026758,4
Odisha,Jagatsinghapur,26341,22061,48402,0.5442130490475601,2.122388824018744,2
Odisha,Jagatsinghpur,2860,9233,12093,0.23650045480856693,1.6351366745216664,1
Odisha,Jajapur,28274,31839,60113,0.4703475121853842,2.5155905814135555,3
Odisha,Jajpur,21076,15970,37046,0.5689143227338984,2.662404102126443,3
Odisha,Jharsuguda,13438,12418,25856,0.5197246287128713,2.2032433863213785,2
Odisha,Kalahandi,42857,52067,94924,0.45148750579410896,2.6601521507785346,3
Odisha,Kandhamal,28794,31145,59939,0.4803883948681159,2.5615210793308774,3
Odisha,Kendrapara,39572,38814,78386,0.5048350470747327,2.3736092676703904,2
Odisha,Kendujhar,47423,54810,102233,0.4638717439574306,2.630546458521402,3
Odisha,Khorda,48461,45861,94322,0.5137825745849325,2.530063122239015,3
Odisha,Khordha,3540,19084,22624,0.15647100424328148,1.9677495288984668,1
Odisha,Koraput,47391,57820,105211,0.4504376918763247,2.769697188616696,3
Odisha,Malkangiri,27353,20883,48236,0.567066091715731,2.7659915909487807,3
Odisha,Mayurbhanj,77378,79607,156985,0.49290059559830557,2.5435803610892327,4
Odisha,Nabarangapur,45252,45334,90586,0.4995473914291392,2.7730822566490283,3
Odisha,Nayagarh,30490,31542,62032,0.4915205055455249,2.4980832364398027,3
Odisha,Nuapada,23106,23847,46953,0.49210913040700277,2.398740844991528,2
Odisha,Puri,37188,37735,74923,0.4963495855745232,2.3096594494585534,2
Odisha,Rayagada,29681,30618,60299,0.4922303852468532,2.543432161038871,3
Odisha,Sambalpur,26688,25634,52322,0.5100722449447651,2.38077929450926,2
Odisha,Sonapur,15297,11028,26325,0.5810826210826211,2.366750255852389,2
Odisha,Subarnapur,1914,4591,6505,0.29423520368946965,2.6515618121519133,0
Odisha,Sundargarh,3322,12865,16187,0.20522641625996169,2.288487038279538,0
Odisha,Sundergarh,47566,46694,94260,0.5046255039253129,2.68756719808865,3
Puducherry,Karaikal,5747,10499,16246,0.3537486150437031,1.6584280564025042,1
Puducherry,Pondicherry,5056,19715,24771,0.20410964434217432,1.8000859384341832,1
Puducherry,Puducherry,16187,12467,28654,0.5649124031548823,1.9242080197793845,2
Puducherry,Yanam,53,170,223,0.23766816143497757,0.8890478247011624,1
Punjab,Amritsar,56802,98206,155008,0.366445602807597,2.7531833951892093,4
Punjab,Barnala,16109,19430,35539,0.4532766819550353,2.4876856655910013,0
Punjab,Bathinda,42639,54101,96740,0.440758734752946,2.5212653877119613,3
Punjab,Faridkot,15023,24389,39412,0.3811783213234548,2.5621599294106217,0
Punjab,Fatehgarh Sahib,17318,20081,37399,0.4630605096392952,2.45403046675498,0
Punjab,Fazilka,29691,31704,61395,0.48360615685316394,2.6505646466243595,3
Punjab,Ferozepur,24604,30726,55330,0.4446773902042292,2.714288157286318,3
Punjab,Firozpur,1965,9515,11480,0.1711672473867596,2.510272574913875,0
Punjab,Gurdaspur,40136,79099,119235,0.33661257181196796,2.856925944484737,0
Punjab,Hoshiarpur,33856,58908,92764,0.36496916907420984,2.734428425201257,0
Punjab,Jalandhar,50422,90848,141270,0.3569193742478941,2.7395192903100023,4
Punjab,Kapurthala,18246,35857,54103,0.3372456240873889,2.7418835246431765,0
Punjab,Ludhiana,81491,109436,190927,0.4268175794937332,2.7374267647040282,4
Punjab,Malerkotla,5712,8075,13787,0.41430332922318125,2.7546729912064363,0
Punjab,Mansa,22379,36660,59039,0.3790545232812209,2.64840081438563,0
Punjab,Moga,23084,38260,61344,0.3763041210224309,2.6640951381943285,0
Punjab,Muktsar,923,7956,8879,0.10395314787701318,2.3745485969594777,0
Punjab,Nawanshahr,179,4010,4189,0.042730962043447125,0.5836385522916847,1
Punjab,Pathankot,12987,13609,26596,0.48830651225748234,2.5853162482146512,3
Punjab,Patiala,54972,64339,119311,0.46074544677355816,2.8088221568357494,3
Punjab,Rupnagar,17432,28021,45453,0.3835170395793457,2.7120736418874674,0
Punjab,S.A.S Nagar(Mohali),351,2384,2735,0.1283363802559415,1.8607901343498383,1
Punjab,Sangrur,37125,45345,82470,0.45016369588941435,2.495396026305881,3
Punjab,Sas Nagar (Mohali),30755,27086,57841,0.5317162566345672,2.974932942671468,3
Punjab,Shaheed Bhagat Singh Nagar,13729,16771,30500,0.4501311475409836,2.5000971586032934,0
Punjab,Sri Muktsar Sahib,25553,30670,56223,0.4544937125375736,2.734264287085756,3
Punjab,Tarn Taran,26674,54028,80702,0.3305246462293376,2.833026717382654,0
Rajasthan,Ajmer,78270,63588,141858,0.5517489320306221,2.1628457357659907,4
Rajasthan,Alwar,124960,98489,223449,0.55923275557286,2.2214395111200704,4
Rajasthan,Banswara,52757,40954,93711,0.5629755311542936,2.114993544444063,2
Rajasthan,Baran,41044,39212,80256,0.5114134768740032,1.9359761965887161,2
Rajasthan,Barmer,114905,81860,196765,0.5839707265011562,2.3307404335827817,4
Rajasthan,Bharatpur,78011,63144,141155,0.5526619673408665,2.3726431084814967,4
Rajasthan,Bhilwara,63856,56163,120019,0.5320490922270641,1.861411882074026,2
Rajasthan,Bikaner,62218,68653,130871,0.47541472136684215,2.211596655499362,4
Rajasthan,Bundi,32954,29903,62857,0.5242693733394849,2.1995139839313875,2
Rajasthan,Chittaurgarh,569,1669,2238,0.25424486148346737,1.6555146426027296,1
Rajasthan,Chittorgarh,35481,27117,62598,0.566807246237899,2.3310307020085617,2
Rajasthan,Churu,67446,65778,133224,0.5062601333093136,2.1970056624112027,4
Rajasthan,Dausa,56018,50312,106330,0.5268315621179347,2.164331281416986,2
Rajasthan,Deeg,7,151,158,0.04430379746835443,0.9440634364003134,1
Rajasthan,Dhaulpur,117,283,400,0.2925,2.100758003953923,0
Rajasthan,Dholpur,47710,26707,74417,0.6411169490842147,2.2449296066398023,2
Rajasthan,Dungarpur,51452,35106,86558,0.5944222371126875,2.0592606163997305,2
Rajasthan,Ganganagar,46082,56446,102528,0.449457709113608,2.2985995135013533,0
Rajasthan,Hanumangarh,43250,53383,96633,0.44756967081638777,2.2909557278468418,0
Rajasthan,Jaipur,158293,197591,355884,0.4447881894100325,2.326075455822533,4
Rajasthan,Jaisalmer,25276,19701,44977,0.5619761211285769,2.3726853901806835,2
Rajasthan,Jalor,51608,48178,99786,0.5171867797085764,2.0538149530531835,2
Rajasthan,Jhalawar,42460,37652,80112,0.530007988815658,1.9033632486653287,2
Rajasthan,Jhunjhunu,541,1400,1941,0.2787223080886141,0.8850939209144083,1
Rajasthan,Jhunjhunun,48082,62310,110392,0.43555692441481264,2.283172033061481,0
Rajasthan,Jodhpur,114854,104179,219033,0.5243684741568622,2.3487232047072677,4
Rajasthan,Karauli,49784,31187,80971,0.6148374109248991,2.163791060646408,2
Rajasthan,Kota,47161,46193,93354,0.5051845662746106,2.4225179825352576,3
Rajasthan,Nagaur,104709,100659,205368,0.5098603482528924,2.2311661202464457,4
Rajasthan,Pali,70502,85408,155910,0.4521967801937015,2.355871935831228,4
Rajasthan,Pratapgarh,32886,23401,56287,0.584255689590847,2.415084565576445,2
Rajasthan,Rajsamand,33770,28192,61962,0.5450114586359381,2.150962803980671,2
Rajasthan,Sawai Madhopur,42901,38521,81422,0.5268969074697256,2.1701963358772476,2
Rajasthan,Sikar,73998,87615,161613,0.4578715821128251,2.3994998203848,4
Rajasthan,Sirohi,35757,34393,70150,0.5097220242337848,2.040597081907307,2
Rajasthan,Tonk,41737,38186,79923,0.5222151320646122,2.2358816218369433,2
Rajasthan,Udaipur,95310,84468,179778,0.5301538564229216,2.273411546801531,4
Sikkim,East,2428,3095,5523,0.4396161506427666,2.8102659896060604,3
Sikkim,East Sikkim,2607,1482,4089,0.6375641966250917,2.4157094707804325,2
Sikkim,North,152,155,307,0.495114006514658,1.6644110701799257,2
Sikkim,North Sikkim,636,282,918,0.6928104575163399,1.7039502565010127,2
Sikkim,South,1018,2032,3050,0.33377049180327867,3.0291236494504417,0
Sikkim,South Sikkim,1299,754,2053,0.6327325864588407,2.921147951115232,3
Sikkim,West,1530,2054,3584,0.42689732142857145,3.3781743307737444,3
Sikkim,West Sikkim,2262,1029,3291,0.6873290793072014,3.4595384495641937,3
Tamil Nadu,Ariyalur,31344,46129,77473,0.4045796600105843,2.8260170337578,3
Tamil Nadu,Chengalpattu,3965,2283,6248,0.6346030729833547,1.4923527725696324,2
Tamil Nadu,Chennai,112681,120349,233030,0.4835471827661674,2.246000452351132,4
Tamil Nadu,Coimbatore,75352,144370,219722,0.3429424454538007,2.6412717153443745,4
Tamil Nadu,Cuddalore,90307,77798,168105,0.5372059129710598,2.166846769778253,4
Tamil Nadu,Dharmapuri,67201,37657,104858,0.6408762326193519,2.2726933105869866,2
Tamil Nadu,Dindigul,65029,121094,186123,0.3493872331737614,2.5901271683110476,4
Tamil Nadu,Erode,64193,83302,147495,0.4352215329333198,2.1557551226370455,4
Tamil Nadu,Kallakurichi,2550,2268,4818,0.5292652552926526,2.271669163836776,2
Tamil Nadu,Kancheepuram,120462,113457,233919,0.5149731317250843,2.2283829154779875,4
Tamil Nadu,Kanniyakumari,27515,41917,69432,0.39628701463302224,2.2188134868729743,0
Tamil Nadu,Kanyakumari,21726,8022,29748,0.7303348124243647,1.8452569749387915,2
Tamil Nadu,Karur,27884,29923,57807,0.48236372757624507,2.3504559613899514,2
Tamil Nadu,Krishnagiri,73365,47438,120803,0.6073110767116711,2.14097295101484,2
Tamil Nadu,Madurai,100202,113596,213798,0.46867604000037416,2.392859031356024,4
Tamil Nadu,Mayiladuthurai,3442,867,4309,0.7987932234857276,1.8790165212624517,2
Tamil Nadu,Nagapattinam,35304,45373,80677,0.43759683676884364,2.2317155375489337,0
Tamil Nadu,Namakkal,47020,73971,120991,0.3886239472357448,2.2739319327952328,0
Tamil Nadu,Perambalur,25143,31894,57037,0.4408191174150113,2.359636760618224,0
Tamil Nadu,Pudukkottai,52246,78060,130306,0.4009485365217258,2.2227105227812913,4
Tamil Nadu,Ramanathapuram,45471,54948,100419,0.452812714725301,2.38934478057356,3
Tamil Nadu,Ranipet,423,214,637,0.6640502354788069,1.0402159132550741,2
Tamil Nadu,Salem,118161,122483,240644,0.4910199298548894,2.521819612290029,4
Tamil Nadu,Sivaganga,43566,51624,95190,0.45767412543334385,2.2139214788797514,2
Tamil Nadu,Tenkasi,7560,2643,10203,0.7409585416054102,1.425818137932002,2
Tamil Nadu,Thanjavur,71305,98262,169567,0.4205122458969021,2.419389917560349,4
Tamil Nadu,The Nilgiris,22599,21505,44104,0.5124025031743152,2.3553244902703696,2
Tamil Nadu,Theni,38916,47806,86722,0.44874426327806094,2.5280008645256147,3
Tamil Nadu,Thiruvallur,939,1958,2897,0.3241284086986538,1.6384760517804837,1
Tamil Nadu,Thiruvarur,36203,36596,72799,0.4973007870987239,2.0808132555326373,2
Tamil Nadu,Thoothukkudi,70728,69133,139861,0.5057020899321469,2.3877089510706426,4
Tamil Nadu,Tiruchirappalli,71253,122317,193570,0.36809939556749494,2.409804116002247,4
Tamil Nadu,Tirunelveli,97249,117524,214773,0.4527990017367174,2.217854211474322,4
Tamil Nadu,Tirupattur,8965,3146,12111,0.740236148955495,1.9930835475948532,2
Tamil Nadu,Tiruppur,71207,77565,148772,0.478631731777485,2.284545855320672,4
Tamil Nadu,Tiruvallur,125834,111959,237793,0.5291745341536547,2.2907648786497914,4
Tamil Nadu,Tiruvannamalai,82696,58759,141455,0.5846099466261355,2.5571804076913502,4
Tamil Nadu,Vellore,99121,92682,191803,0.5167854517395453,2.1905841414625025,4
Tamil Nadu,Villupuram,85898,35363,121261,0.7083728486487824,2.261726593561396,2
Tamil Nadu,Viluppuram,22410,63056,85466,0.2622095336157068,2.2129883976217313,0
Tamil Nadu,Virudhunagar,59765,61529,121294,0.49272841195772255,2.0852482110100925,2
Telangana,Adilabad,44923,35360,80283,0.5595580633508962,1.9436105063345464,2
Telangana,Bhadradri Kothagudem,11882,9721,21603,0.5500162014535018,1.6873518097216238,2
Telangana,Hanumakonda,1831,7186,9017,0.20306088499500943,2.160990434339041,0
Telangana,Hyderabad,133421,95120,228541,0.5837945926551472,2.1058933521406074,4
Telangana,Jagitial,6634,4111,10745,0.6174034434620754,1.9533691855596749,2
Telangana,Jangaon,128,152,280,0.45714285714285713,0.6931722628780671,1
Telangana,Jangoan,3951,3328,7279,0.5427943398818519,1.3282796219760051,2
Telangana,Jayashankar Bhupalpally,2077,2491,4568,0.4546847635726795,2.010529638505523,2
Telangana,Jogulamba Gadwal,6006,5324,11330,0.5300970873786408,2.1539909563773385,2
Telangana,K.V. Rangareddy,122856,125725,248581,0.49422924519573097,2.2141170016040164,4
Telangana,Kamareddy,7963,7278,15241,0.5224722787218686,1.8164479192185918,2
Telangana,Karimnagar,68569,67307,135876,0.5046439400629986,2.2199836177361187,4
Telangana,Khammam,44451,17719,62170,0.7149911532893679,1.9362872733395404,2
Telangana,Komaram Bheem,4930,4747,9677,0.5094554097344218,1.8644954357955248,2
Telangana,Mahabubabad,5922,4258,10180,0.581728880157171,1.8377920455473362,2
Telangana,Mahabubnagar,104613,90436,195049,0.5363421499213018,2.270891758493284,4
Telangana,Mancherial,7258,5151,12409,0.5848980578612297,1.6794068120642436,2
Telangana,Medak,66461,60205,126666,0.5246948668150885,1.92006673462516,2
Telangana,Medchal-Malkajgiri,13800,16330,30130,0.4580152671755725,2.18523588590605,2
Telangana,Medchal?Malkajgiri,490,366,856,0.572429906542056,2.4254551246716134,2
Telangana,Medchal−Malkajgiri,3466,1147,4613,0.7513548666811186,0.6045773757550295,2
Telangana,Mulugu,2353,3034,5387,0.43679227770558754,2.203793451954209,0
Telangana,Nagarkurnool,7210,5244,12454,0.5789304641079172,1.848486528234991,2
Telangana,Nalgonda,80121,57868,137989,0.5806332388813601,2.229687221546438,4
Telangana,Narayanpet,2929,3358,6287,0.4658819786861778,2.23355293194077,2
Telangana,Nirmal,6240,7084,13324,0.46832782948063645,1.4859142551248254,2
Telangana,Nizamabad,63114,54082,117196,0.5385337383528448,2.0239149443901514,2
Telangana,Peddapalli,2370,4057,6427,0.36875680721954257,1.9069272024000319,0
Telangana,Rajanna Sircilla,4367,3718,8085,0.5401360544217687,1.7532255116303226,2
Telangana,Rangareddy,878,1908,2786,0.3151471643933956,2.609929129038538,0
Telangana,Sangareddy,14012,8067,22079,0.6346301915847637,1.7221653791263822,2
Telangana,Siddipet,10041,6168,16209,0.6194706644456783,1.120323090269709,2
Telangana,Suryapet,9015,11078,20093,0.44866371373115016,2.135815753307847,2
Telangana,Vikarabad,7987,6236,14223,0.561555227448499,1.9128665618411569,2
Telangana,Wanaparthy,4693,5281,9974,0.47052336073791856,2.179482959273444,2
Telangana,Warangal,54305,37305,91610,0.5927846304988539,2.172883915324456,2
Telangana,Warangal Rural,3736,3433,7169,0.5211326544845865,1.7994406162704635,2
Telangana,Warangal Urban,4643,3940,8583,0.540953046720261,2.0956043499983448,2
Telangana,Yadadri.,6847,5827,12674,0.5402398611330282,1.9407260345430308,2
Tripura,Dhalai,20943,14025,34968,0.5989190116678106,3.1201260799293427,3
Tripura,Dhalai  *,197,450,647,0.3044822256568779,2.4327582685264395,0
Tripura,Gomati,11757,2945,14702,0.7996871173989933,2.767224187996298,2
Tripura,Khowai,7029,2137,9166,0.7668557713288239,2.927735050513462,3
Tripura,North Tripura,23177,24321,47498,0.4879573876794812,2.693311140478931,3
Tripura,Sepahijala,13756,5869,19625,0.7009426751592357,2.8842851583335434,3
Tripura,South Tripura,22883,34673,57556,0.3975780109806102,2.790979794018379,0
Tripura,Unakoti,11699,4034,15733,0.7435962626326829,3.3437303516895738,3
Tripura,West Tripura,36094,56166,92260,0.3912204639063516,2.9275449171854433,3
Uttar Pradesh,Agra,152308,82740,235048,0.6479867941867193,2.5755568860950553,4
Uttar Pradesh,Aligarh,144160,55340,199500,0.7226065162907268,2.5102552823300557,4
Uttar Pradesh,Allahabad,177827,81083,258910,0.6868294001776679,2.5735685162241406,4
Uttar Pradesh,Ambedkar Nagar,53320,33900,87220,0.6113276771382711,2.1818760374390007,2
Uttar Pradesh,Amethi,57942,35329,93271,0.621222030427464,2.3770583989592478,2
Uttar Pradesh,Amroha,64902,27770,92672,0.7003409875690608,2.3284905331481287,2
Uttar Pradesh,Auraiya,43638,19543,63181,0.6906823253826309,2.5575699264177394,2
Uttar Pradesh,Ayodhya,3617,3774,7391,0.4893789744283588,2.246803250157398,2
Uttar Pradesh,Azamgarh,95316,78082,173398,0.5496949215100521,2.2922220314799593,4
Uttar Pradesh,Baghpat,37736,20293,58029,0.6502955418842303,2.3366860231689515,2
Uttar Pradesh,Bahraich,131149,49929,181078,0.7242679950076762,2.339918185012185,4
Uttar Pradesh,Ballia,77756,55249,133005,0.5846096011428141,2.3232358332136016,4
Uttar Pradesh,Balrampur,66623,35489,102112,0.6524502507051081,2.1558274269364786,2
Uttar Pradesh,Banda,58396,34095,92491,0.6313695386578153,2.4697970064407375,2
Uttar Pradesh,Bara Banki,114423,50819,165242,0.6924571234916063,2.351809872798634,4
Uttar Pradesh,Barabanki,789,3435,4224,0.18678977272727273,1.7456343971451938,1
Uttar Pradesh,Bareilly,166397,68411,234808,0.7086513236346291,2.422490243570231,4
Uttar Pradesh,Basti,69272,39929,109201,0.6343531652640544,2.3352143414237623,2
Uttar Pradesh,Bhadohi,3621,2919,6540,0.5536697247706422,2.365995871773591,2
Uttar Pradesh,Bijnor,143040,74008,217048,0.6590247318565479,2.4882926528842164,4
Uttar Pradesh,Budaun,77268,33050,110318,0.7004115375550681,2.2331006524206716,2
Uttar Pradesh,Bulandshahar,61,159,220,0.2772727272727273,0.6499309676695727,1
Uttar Pradesh,Bulandshahr,133979,46853,180832,0.7409031587329676,2.474355907954744,4
Uttar Pradesh,Chandauli,61634,28910,90544,0.680707722212405,2.5071637587654725,2
Uttar Pradesh,Chitrakoot,42495,20237,62732,0.6774054708920487,2.3344484057051087,2
Uttar Pradesh,Deoria,78834,59779,138613,0.5687345342788915,2.4661541786412977,4
Uttar Pradesh,Etah,63551,23878,87429,0.726886959704446,2.6955863434357727,3
Uttar Pradesh,Etawah,51467,27628,79095,0.6506985270876794,2.336475151675826,2
Uttar Pradesh,Faizabad,65237,29679,94916,0.6873129925407729,2.394721064113726,2
Uttar Pradesh,Farrukhabad,55262,21934,77196,0.7158661070521789,2.1661314172955874,2
Uttar Pradesh,Fatehpur,71340,46574,117914,0.6050172159370388,2.5275476778442383,3
Uttar Pradesh,Firozabad,81603,32164,113767,0.717281812827973,2.482056228393111,2
Uttar Pradesh,Gautam Buddha Nagar,49113,40326,89439,0.5491228658638849,2.5444398370308026,3
Uttar Pradesh,Ghaziabad,103385,88637,192022,0.5384018497880452,2.581827285204481,4
Uttar Pradesh,Ghazipur,91279,54413,145692,0.6265203305603602,2.420228276092701,4
Uttar Pradesh,Gonda,99643,52432,152075,0.6552227519316127,2.46169590087373,4
Uttar Pradesh,Gorakhpur,81386,96778,178164,0.4568038436496711,2.4350446543228625,4
Uttar Pradesh,Hamirpur,36831,17856,54687,0.6734873004553185,2.66104740175665,3
Uttar Pradesh,Hapur,39349,17406,56755,0.6933133644612809,2.1652674322206367,2
Uttar Pradesh,Hardoi,150577,54520,205097,0.7341745613051386,2.3854533692040207,4
Uttar Pradesh,Hathras,60241,20163,80404,0.7492288940848714,2.591214347222053,2
Uttar Pradesh,Jalaun,46744,27938,74682,0.6259071797755817,2.52162752709176,2
Uttar Pradesh,Jaunpur,109148,73932,183080,0.5961765348481538,2.2142511480345055,4
Uttar Pradesh,Jhansi,68211,43794,112005,0.6089995982322218,2.29005064697269,2
Uttar Pradesh,Jyotiba Phule Nagar,20,157,177,0.11299435028248588,0.6593442916621616,1
Uttar Pradesh,Kannauj,49715,21938,71653,0.6938299861834117,2.28430377732826,2
Uttar Pradesh,Kanpur Dehat,53708,21918,75626,0.7101790389548568,2.4983440201699603,2
Uttar Pradesh,Kanpur Nagar,92823,88615,181438,0.5115962477540538,2.3127059682613935,4
Uttar Pradesh,Kasganj,51039,23480,74519,0.684912572632483,2.2624521096918513,2
Uttar Pradesh,Kaushambi,74241,23354,97595,0.7607049541472412,2.49896981357327,2
Uttar Pradesh,Kheri,139638,50425,190063,0.7346932332963281,2.3353074476473465,4
Uttar Pradesh,Kushinagar,81324,66502,147826,0.5501332647842734,2.4142225992326996,4
Uttar Pradesh,Lalitpur,45154,30366,75520,0.5979078389830509,2.4832984599245456,2
Uttar Pradesh,Lucknow,123838,93552,217390,0.5696582179493077,2.4421587429036924,4
Uttar Pradesh,Maharajganj,58855,44246,103101,0.5708480034141279,2.279732694826013,2
Uttar Pradesh,Mahoba,31178,15161,46339,0.672824186969939,2.3127043692194618,2
Uttar Pradesh,Mainpuri,47533,26258,73791,0.6441571465354854,2.248378396353447,2
Uttar Pradesh,Mathura,79993,39424,119417,0.6698627498597353,2.39478777589797,2
Uttar Pradesh,Mau,46911,40950,87861,0.5339229009458122,2.226495573672482,2
Uttar Pradesh,Meerut,109237,64415,173652,0.6290569645037201,2.393147528984053,4
Uttar Pradesh,Mirzapur,73940,34252,108192,0.6834146702159124,2.3906463287395048,2
Uttar Pradesh,Moradabad,101759,58715,160474,0.6341151837680871,2.2864866180134524,4
Uttar Pradesh,Muzaffarnagar,113738,56113,169851,0.6696339733060153,2.646227958864026,4
Uttar Pradesh,Pilibhit,94560,41070,135630,0.6971908869719089,2.4694263971018033,2
Uttar Pradesh,Pratapgarh,78855,53105,131960,0.5975674446802062,2.4345578208361722,3
Uttar Pradesh,Prayagraj,10696,9527,20223,0.5289027345102112,2.581261516698475,3
Uttar Pradesh,Rae Bareli,83330,45408,128738,0.6472836303189423,2.324014967094227,2
Uttar Pradesh,Rampur,83353,41589,124942,0.6671335499671848,2.384986512138505,2
Uttar Pradesh,Saharanpur,114742,75974,190716,0.6016380377105225,2.2489756759006645,4
Uttar Pradesh,Sambhal,78323,25024,103347,0.7578642824658675,2.1888945021478174,2
Uttar Pradesh,Sant Kabir Nagar,53729,36811,90540,0.5934283189750387,2.256032145621671,2
Uttar Pradesh,Sant Ravidas Nagar,44701,23372,68073,0.6566627003364036,2.220258933222968,2
Uttar Pradesh,Sant Ravidas Nagar Bhadohi,47,63,110,0.42727272727272725,0.6112788175233147,1
Uttar Pradesh,Shahjahanpur,114767,39721,154488,0.7428861788617886,2.3691164650400034,2
Uttar Pradesh,Shamli,65022,38112,103134,0.630461341555646,2.269541467858099,2
Uttar Pradesh,Shrawasti,35921,20643,56564,0.6350505621950358,2.4595969019929402,2
Uttar Pradesh,Siddharthnagar,65033,42247,107280,0.6061987322893363,2.2515566909807676,2
Uttar Pradesh,Sitapur,200310,64001,264311,0.757857221228023,2.6137593974239675,4
Uttar Pradesh,Sonbhadra,72009,31746,103755,0.6940292034118838,2.675956809961192,3
Uttar Pradesh,Sultanpur,60800,37665,98465,0.6174782917788046,2.1484581998180046,2
Uttar Pradesh,Unnao,92856,53534,146390,0.6343056219687138,2.4582138229158086,4
Uttar Pradesh,Varanasi,102481,79930,182411,0.5618137064102494,2.3291944327627285,4
Uttarakhand,Almora,16853,15555,32408,0.5200259195260429,1.9029598662984617,2
Uttarakhand,Bageshwar,8018,13477,21495,0.37301698069318445,2.3011805075351988,0
Uttarakhand,Chamoli,13657,14745,28402,0.4808464192662489,2.1987009536210045,2
Uttarakhand,Champawat,11728,11486,23214,0.5052123718445766,1.9256655679688124,2
Uttarakhand,Dehradun,65769,63511,129280,0.5087329826732673,1.9785165656631722,2
Uttarakhand,Garhwal,30,306,336,0.08928571428571429,0.7086817326340984,1
Uttarakhand,Hardwar,196,699,895,0.21899441340782122,0.6555526026944678,1
Uttarakhand,Haridwar,88084,46552,134636,0.6542380938233459,1.5739766495315062,2
Uttarakhand,Nainital,37930,31431,69361,0.5468490938711956,1.7244118459113462,2
Uttarakhand,Pauri Garhwal,24167,19592,43759,0.552274960579538,1.618294808770697,2
Uttarakhand,Pithoragarh,15610,14573,30183,0.5171785442136302,2.053875381533751,2
Uttarakhand,Rudraprayag,11684,12494,24178,0.48324923484159155,1.9223356418179731,2
Uttarakhand,Tehri Garhwal,27362,29919,57281,0.4776802080969257,1.65989381039365,2
Uttarakhand,Udham Singh Nagar,89690,55177,144867,0.6191196062595347,1.51227947627373,2
Uttarakhand,Uttarkashi,13663,10805,24468,0.5584028118358673,1.9878816378574826,2
West Bengal,Alipurduar,3735,3890,7625,0.4898360655737705,2.5568228086942555,3
West Bengal,Bankura,53009,55040,108049,0.4906014863626688,2.3579090699073806,3
West Bengal,Barddhaman,78501,102625,181126,0.43340547464196194,2.431164552935807,4
West Bengal,Bardhaman,2974,11201,14175,0.20980599647266313,1.7486030398735743,1
West Bengal,Birbhum,47630,62564,110194,0.43223768989237166,2.2242772952512455,0
West Bengal,Cooch Behar,20061,25103,45164,0.4441812062704809,2.5176111979051994,0
West Bengal,Dakshin Dinajpur,21351,23308,44659,0.4780895228285452,2.487631182169267,3
West Bengal,Darjeeling,13781,26321,40102,0.3436486958256446,2.4516922791679443,0
West Bengal,Darjiling,541,2045,2586,0.20920340293890177,2.152833734631567,0
West Bengal,East Midnapore,7722,18982,26704,0.28917016177351706,2.2044176546096605,0
West Bengal,Haora,5290,22465,27755,0.1905962889569447,2.470386368197048,0
West Bengal,Hooghly,70335,90437,160772,0.43748289503147314,2.601533274899804,4
West Bengal,Howrah,43102,56262,99364,0.4337788333802987,2.772606732927771,3
West Bengal,Hugli,97,342,439,0.22095671981776766,0.5770220178214475,1
West Bengal,Jalpaiguri,32134,48509,80643,0.3984722790570787,2.515552668024227,0
West Bengal,Jhargram,1747,2259,4006,0.4360958562156765,2.2685443992900507,0
West Bengal,Kalimpong,442,281,723,0.6113416320885201,1.4208077818168585,2
West Bengal,Koch Bihar,2719,10482,13201,0.2059692447541853,2.128674061287509,0
West Bengal,Kolkata,26756,64256,91012,0.2939832110051422,2.4173380512885947,0
West Bengal,Malda,38440,56919,95359,0.4031082540714563,2.3123946618772493,0
West Bengal,Maldah,3369,10807,14176,0.23765519187358916,2.023653588488016,0
West Bengal,Murshidabad,90308,128771,219079,0.41221659766568225,2.413804925371492,4
West Bengal,Nadia,51700,76101,127801,0.40453517578109716,2.5069712195610236,4
West Bengal,North 24 Parganas,96368,127542,223910,0.4303872091465321,2.504999441994555,4
West Bengal,North Dinajpur,205,990,1195,0.17154811715481172,1.6803183916257327,1
West Bengal,North Twenty Four Parganas,2855,11798,14653,0.1948406469664915,2.004735851893972,0
West Bengal,Paschim Bardhaman,3659,6446,10105,0.362097971301336,2.548499427713749,0
West Bengal,Paschim Medinipur,69346,79404,148750,0.46619159663865545,2.2210193306452437,4
West Bengal,Purba Bardhaman,5236,7609,12845,0.40762942779291556,2.494687369809345,0
West Bengal,Purba Medinipur,61435,69921,131356,0.46769846828466155,2.4120034128108467,4
West Bengal,Purulia,979,2896,3875,0.2526451612903226,1.8362163103041524,1
West Bengal,Puruliya,36223,55873,92096,0.3933178422515636,2.2693998983737886,0
West Bengal,South 24 Parganas,102759,121872,224631,0.4574568959760674,2.5058939557134665,4
West Bengal,South Dinajpur,554,1571,2125,0.2607058823529412,1.8834365761777307,0
West Bengal,South Twenty Four Parganas,7977,25405,33382,0.2389611167695165,2.3106638307601237,0
West Bengal,Uttar Dinajpur,32722,59034,91756,0.3566197305898252,2.2818004930799987,0
West Bengal,West Midnapore,4390,14588,18978,0.23132047634102645,2.017874605869849,0
